3 230
0 0
4 344
4 395
4 581
3 365
3 542
2 108
2 110
2 192
2 199
2 228
2 288
2 298
2 339
1 28
1 115
1 137
1 198
0 0
0 0
0 0
0 0
0 0
6 749
3 287
3 303
3 342
2 61
2 236
2 343
1 42
0 0
0 0
5 268
4 321
3 124
3 324
3 331
2 392
0 0
3 165
2 155
0 0
0 0
0 0
0 0
2 107
2 201
2 247
2 209
1 100
1 218
0 0
3 166
3 173
3 221
4 308
2 107
2 247
2 382
3 275
3 176
7 544
4 250
4 412
3 70
3 353
2 178
0 0
0 0
0 0
0 0
0 0
0 0
0 0
0 0
5 469
2 315
1 228
3 281
3 206
3 257
3 401
2 262
2 279
8 857
6 292
6 768
5 117
5 368
4 326
3 165
3 206
5 417
4 421
2 204
1 144
0 0
5 271
5 431
2 62
0 0
3 315
2 49
3 297
3 577
2 262
3 140
8 292
6 356
0 0
0 0
7 589
5 254
5 256
3 133
3 188
3 196
2 158
1 93
1 126
3 132
0 0
1 22
1 116
0 0
2 479
5 170
3 100
3 108
3 148
3 196
2 70
2 162
5 416
3 163
3 306
2 48
1 135
0 0
5 257
5 726
4 430
4 522
3 195
3 406
3 538
0 0
5 198
0 0
4 538
4 463
3 428
0 0
7 684
4 203
3 112
3 203
3 245
3 319
2 69
2 118
2 223
1 122
1 154
0 0
0 0
0 0
0 0
0 0
3 196
1 65
4 245
7 283
7 361
6 398
5 215
5 255
3 85
3 336
3 354
0 0
0 0
0 0
0 0
4 223
1 63
4 255
4 293
4 486
3 377
2 116
2 189
0 0
0 0
0 0
0 0
7 401
5 277
5 335
4 153
2 174
0 0
0 0
5 321
3 116
3 204
3 390
0 0
6 289
5 562
4 258
4 582
3 109
3 159
3 346
2 200
2 304
2 348
0 0
0 0
0 0
0 0
0 0
0 0
0 0
0 0
0 0
3 66
4 471
3 100
2 54
0 0
7 478
5 275
0 0
5 168
2 105
1 209
6 394
5 298
5 390
5 475
8 475
3 273
2 104
2 123
0 0
0 0
6 217
6 270
5 129
5 252
5 309
5 423
4 162
3 281
3 441
2 73
0 0
0 0
0 0
0 0
7 650
5 230
5 272
5 311
0 0
0 0
0 0
4 470
3 343
2 261
1 49
1 156
6 448
4 279
3 138
3 196
3 246
3 289
2 65
2 142
1 67
8 1403
7 597
6 580
5 338
5 339
5 387
4 216
4 256
3 85
2 65
2 114
2 120
2 226
2 301
1 46
1 79
0 0
0 0
0 0
0 0
0 0
0 0
0 0
0 0
0 0
0 0
0 0
0 0
0 0
0 0
0 0
0 0
0 0
0 0
0 0
0 0
0 0
0 0
0 0
0 0
7 473
7 480
5 193
5 210
5 214
5 238
5 440
5 484
5 529
5 531
4 185
4 259
4 406
3 198
3 204
3 288
3 295
3 319
2 72
2 270
2 274
2 331
1 163
0 0
0 0
0 0
0 0
0 0
0 0
0 0
0 0
0 0
0 0
0 0
0 0
0 0
0 0
0 0
0 0
0 0
0 0
0 0
0 0
0 0
0 0
0 0
0 0
0 0
0 0
0 0
0 0
0 0
0 0
0 0
0 0
6 643
8 793
7 467
5 144
5 326
4 305
4 377
2 179
7 465
6 269
5 491
5 492
4 243
3 130
3 193
3 290
0 0
0 0
0 0
5 219
5 220
4 144
3 120
3 200
8 545
7 505
6 296
5 173
5 355
5 391
5 785
4 294
4 357
3 77
3 147
3 174
3 374
0 0
0 0
4 231
4 321
3 266
2 39
5 263
3 469
2 205
4 137
4 232
6 216
5 447
5 447
5 454
5 561
3 341
7 442
6 476
5 598
3 172
5 299
5 338
4 237
4 452
3 124
3 138
3 306
2 164
0 0
0 0
2 228
0 0
0 0
0 0
0 0
0 0
0 0
0 0
0 0
6 299
6 405
5 131
5 168
5 219
5 223
5 283
5 421
3 76
0 0
0 0
0 0
6 286
6 449
4 166
5 382
3 153
3 188
2 102
8 330
8 452
8 522
5 361
0 0
0 0
0 0
0 0
0 0
0 0
0 0
5 411
3 390
5 498
4 532
5 287
5 391
4 270
4 273
3 183
3 235
3 282
2 143
2 159
6 592
4 251
4 432
3 83
3 130
2 119
2 334
0 0
0 0
0 0
0 0
5 369
5 488
4 183
3 56
3 169
3 266
3 302
2 82
2 101
2 105
2 170
0 0
0 0
0 0
0 0
0 0
0 0
0 0
2 94
2 267
6 431
